90.5 90.5 92.3 91.7 90.5 93.5 91.1 91.7 91.7 90.5 91.1 92.3 92.3 90.5 91.7 90.5 91.9 92.4 91.9 91.9
92.4 93.0 93.0 95.3 94.2 94.2 94.2 93.6 94.8 93.6 93.6 95.3 94.8 94.2 95.9 94.8 94.2 95.9 95.3 95.3
95.9 97.7 95.3 96.5 95.3 95.9 97.1 96.5 97.1 97.7 97.1 96.5 91.3 92.4 91.9 93.0 92.4 93.0 93.6 94.2
94.8 93.0 93.6 95.3 94.8 94.2 95.3 93.6 93.6 95.9 94.2 95.3 94.2 94.8 95.3 95.9 95.3 94.8 95.9 95.9
95.9 96.5 98.3 96.5 97.7 96.5 98.3 97.1 91.9 91.9 92.4 91.9 92.4 93.0 93.6 95.3 94.2 93.6 93.6 94.2
94.8 96.5 95.3 93.6 93.6 94.2 97.7 95.9 94.8 95.3 95.9 94.8 95.9 96.5 95.3 95.9 96.5 96.5 97.7 98.8
96.5 98.3 96.5 97.7 93.0 93.6 94.2 93.6 93.0 94.2 93.6 93.6 93.0 93.6 94.2 93.6 93.6 93.0 94.2 93.0
93.0 93.0 94.2 93.0 93.6 93.6 93.0 93.6 93.6 93.0 94.2 94.2 94.2 93.6 93.6 93.0 93.6 93.0 93.0 93.6
94.2 93.6 93.0 94.2 94.2 93.6 94.2 93.6 93.0 94.2 94.2 93.6 93.0 93.0 93.6 93.0 94.2 93.0 93.6 94.0
94.2 93.6 93.0 93.6 93.0 94.2 93.6 93.0 94.2 93.0 94.2 93.6 93.0 93.6 93.0 93.6 93.6 93.6 94.2 93.0
93.0 94.2 93.0 93.6 93.0 94.2 93.0 93.0 93.6 93.0 93.0 93.6 93.6 93.6 93.0 93.0 93.0 94.2 93.6 93.0
93.6 93.0 93.0 93.6 93.0 93.6 93.0 93.6 93.0 94.2 93.6 93.0 94.2 93.0 93.0 94.2 93.0 93.6 94.2 93.0
94.2 93.0 93.6 93.0 93.0 93.6 93.0 93.0 93.0 94.2 93.0 94.2 93.6 93.0 93.6 93.0 93.0 93.6 93.6 94.2
93.6 94.2 93.0 93.0 93.6 94.2 93.0 93.6 93.6 93.0 92.6 91.4 94.3 94.3 93.2 93.8 94.3 93.2 93.0 94.3
93.2 93.8 94.3 93.2 94.3 93.2 93.8 94.9 94.3 93.8 93.8 94.9 94.3 93.8 94.9 93.8 94.3 93.8 94.3 94.9
93.2 94.3 93.8 93.2 93.2 93.8 94.3 93.2 93.8 94.9 93.2 94.3 94.3 93.8 93.8 93.8 93.2 94.3 94.3 94.9
94.9 93.8 93.2 93.2 93.8 94.3 93.8 94.3 94.3 93.8 93.8 94.9 93.8 93.2 93.8 94.3 93.8 94.9 94.9 93.8
94.9 93.8 94.3 93.2 94.3 94.3 94.3 94.9 93.8 93.2 95.5 94.9 93.8 93.2 93.8 94.9 93.8 94.3 93.8 94.9
93.8 93.8 93.8 94.9 94.9 94.9 94.9 93.2 94.3 93.8 93.2 94.3 94.3 93.8 94.9 93.8 94.3 93.2 94.9 94.9
94.3 93.2 94.9 94.3 93.2 93.8 93.2 94.3 93.8 93.2 93.8 93.8 93.8 94.3 93.2 93.8 93.8 93.8 94.9 94.3
93.2 93.8 94.3 94.3 93.2 93.2 93.2 94.9 94.9 93.2 94.9 93.8 94.9 93.2 94.9 93.2 94.3 94.9 94.3 94.9
90.9 90.9 93.7 93.7 94.9 94.3 94.3 93.7 93.0 94.9 93.1 93.7 93.1 93.7 93.1 94.3 94.9 93.7 93.7 94.9
94.3 94.3 93.1 94.3 93.1 94.9 94.9 93.7 93.1 94.3 94.3 95.4 94.3 93.7 93.7 94.9 94.3 93.1 94.3 93.7
93.7 94.9 94.9 93.1 94.3 93.7 93.7 94.9 94.3 93.7 94.3 94.9 93.1 94.9 94.3 93.7 94.3 93.7 94.9 93.1
93.1 94.9 93.7 94.9 93.1 94.9 94.3 93.1 94.9 93.7 93.1 94.3 93.7 94.9 94.9 94.3 94.3 94.9 94.3 93.7
93.1 94.3 93.7 93.1 93.7 94.3 93.7 94.3 91.7 90.5 94.7 94.1 94.1 94.7 94.1 94.7 93.0 94.7 93.5 94.1
94.7 93.5 93.5 94.1 94.1 93.5 94.7 93.5 94.1 93.5 94.1 94.7 94.7 94.1 94.1 94.7 94.7 93.5 94.1 94.7
94.7 94.1 94.7 93.5 93.5 94.1 94.7 93.5 93.5 94.1 94.1 93.5 94.7 94.1 94.7 94.7 93.5 94.1 93.6 90.9
94.6 93.7 93.4 94.3 93.4 93.7 93.0 94.9 93.4 93.7
90.5 90.5 92.3 91.7 90.5 93.5 91.1 91.7 91.7 90.5 91.1 92.3 92.3 90.5 91.7 90.5 91.9 92.4 91.9 91.9
92.4 93.0 93.0 95.3 94.2 94.2 94.2 93.6 94.8 93.6 93.6 95.3 94.8 94.2 95.9 94.8 94.2 95.9 95.3 95.3
95.9 97.7 95.3 96.5 95.3 95.9 97.1 96.5 97.1 97.7 97.1 96.5 91.3 92.4 91.9 93.0 92.4 93.0 93.6 94.2
94.8 93.0 93.6 95.3 94.8 94.2 95.3 93.6 93.6 95.9 94.2 95.3 94.2 94.8 95.3 95.9 95.3 94.8 95.9 95.9
95.9 96.5 98.3 96.5 97.7 96.5 98.3 97.1 91.9 91.9 92.4 91.9 92.4 93.0 93.6 95.3 94.2 93.6 93.6 94.2
94.8 96.5 95.3 93.6 93.6 94.2 97.7 95.9 94.8 95.3 95.9 94.8 95.9 96.5 95.3 95.9 96.5 96.5 97.7 98.8
96.5 98.3 96.5 97.7 93.0 93.6 94.2 93.6 93.0 94.2 93.6 93.6 93.0 93.6 94.2 93.6 93.6 93.0 94.2 93.0
93.0 93.0 94.2 93.0 93.6 93.6 93.0 93.6 93.6 93.0 94.2 94.2 94.2 93.6 93.6 93.0 93.6 93.0 93.0 93.6
94.2 93.6 93.0 94.2 94.2 93.6 94.2 93.6 93.0 94.2 94.2 93.6 93.0 93.0 93.6 93.0 94.2 93.0 93.6 94.0
94.2 93.6 93.0 93.6 93.0 94.2 93.6 93.0 94.2 93.0 94.2 93.6 93.0 93.6 93.0 93.6 93.6 93.6 94.2 93.0
93.0 94.2 93.0 93.6 93.0 94.2 93.0 93.0 93.6 93.0 93.0 93.6 93.6 93.6 93.0 93.0 93.0 94.2 93.6 93.0
93.6 93.0 93.0 93.6 93.0 93.6 93.0 93.6 93.0 94.2 93.6 93.0 94.2 93.0 93.0 94.2 93.0 93.6 94.2 93.0
94.2 93.0 93.6 93.0 93.0 93.6 93.0 93.0 93.0 94.2 93.0 94.2 93.6 93.0 93.6 93.0 93.0 93.6 93.6 94.2
93.6 94.2 93.0 93.0 93.6 94.2 93.0 93.6 93.6 93.0 92.6 91.4 94.3 94.3 93.2 93.8 94.3 93.2 93.0 94.3
93.2 93.8 94.3 93.2 94.3 93.2 93.8 94.9 94.3 93.8 93.8 94.9 94.3 93.8 94.9 93.8 94.3 93.8 94.3 94.9
93.2 94.3 93.8 93.2 93.2 93.8 94.3 93.2 93.8 94.9 93.2 94.3 94.3 93.8 93.8 93.8 93.2 94.3 94.3 94.9
94.9 93.8 93.2 93.2 93.8 94.3 93.8 94.3 94.3 93.8 93.8 94.9 93.8 93.2 93.8 94.3 93.8 94.9 94.9 93.8
94.9 93.8 94.3 93.2 94.3 94.3 94.3 94.9 93.8 93.2 95.5 94.9 93.8 93.2 93.8 94.9 93.8 94.3 93.8 94.9
93.8 93.8 93.8 94.9 94.9 94.9 94.9 93.2 94.3 93.8 93.2 94.3 94.3 93.8 94.9 93.8 94.3 93.2 94.9 94.9
94.3 93.2 94.9 94.3 93.2 93.8 93.2 94.3 93.8 93.2 93.8 93.8 93.8 94.3 93.2 93.8 93.8 93.8 94.9 94.3
93.2 93.8 94.3 94.3 93.2 93.2 93.2 94.9 94.9 93.2 94.9 93.8 94.9 93.2 94.9 93.2 94.3 94.9 94.3 94.9
90.9 90.9 93.7 93.7 94.9 94.3 94.3 93.7 93.0 94.9 93.1 93.7 93.1 93.7 93.1 94.3 94.9 93.7 93.7 94.9
94.3 94.3 93.1 94.3 93.1 94.9 94.9 93.7 93.1 94.3 94.3 95.4 94.3 93.7 93.7 94.9 94.3 93.1 94.3 93.7
93.7 94.9 94.9 93.1 94.3 93.7 93.7 94.9 94.3 93.7 94.3 94.9 93.1 94.9 94.3 93.7 94.3 93.7 94.9 93.1
93.1 94.9 93.7 94.9 93.1 94.9 94.3 93.1 94.9 93.7 93.1 94.3 93.7 94.9 94.9 94.3 94.3 94.9 94.3 93.7
93.1 94.3 93.7 93.1 93.7 94.3 93.7 94.3 91.7 90.5 94.7 94.1 94.1 94.7 94.1 94.7 93.0 94.7 93.5 94.1
94.7 93.5 93.5 94.1 94.1 93.5 94.7 93.5 94.1 93.5 94.1 94.7 94.7 94.1 94.1 94.7 94.7 93.5 94.1 94.7
94.7 94.1 94.7 93.5 93.5 94.1 94.7 93.5 93.5 94.1 94.1 93.5 94.7 94.1 94.7 94.7 93.5 94.1 93.6 90.9
94.6 93.7 93.4 94.3 93.4 93.7 93.0 94.9 93.4 93.7 94.0 93.4 94.0 93.4 94.0 93.4 94.6 94.0 94.6 94.0
94.0 93.4 94.6 94.0 94.6 94.0 93.4 94.6 93.4 95.2 94.6 94.0 94.6 93.4 94.6 93.4 94.0 93.4 94.0 93.6
94.6 93.4 93.4 94.6 94.6 94.0 94.6 93.4 94.0 94.6 94.0 94.6 93.4 94.6 94.0 94.0 94.0 94.6 93.4 94.6
94.6 93.4 93.4 94.0 94.6 93.4 94.6 94.0 93.4 94.0 94.6 94.0 94.0 93.4 93.4 94.6 94.0 94.6 93.4 94.0
94.0 93.4 94.0 94.6 91.1 90.5 94.3 93.8 94.3 93.2 93.8 93.2 94.9 93.8 93.2 94.9 94.9 93.8 93.8 94.9
94.9 93.2 94.3 93.8 93.2 94.9 93.8 94.3 93.2 93.8 94.3 94.3 93.2 93.8 93.8 94.3 94.3 93.8 94.3 93.8
94.3 93.2 93.2 94.3 93.8 93.2 94.3 94.9 94.3 94.9 94.3 93.8 94.9 94.3 94.9 94.3 93.2 94.3 93.8 93.2
93.8 93.2 93.8 94.3 93.2 94.3 93.2 94.3 91.2 91.8 93.2 94.3 94.3 93.8 93.2 94.9 94.9 94.3 94.3 94.9
94.3 94.9 94.3 93.8 94.9 94.3 93.8 94.3 93.8 94.3 94.9 94.3
90.5 90.5 92.3 91.7 90.5 93.5 91.1 91.7 91.7 90.5 91.1 92.3 92.3 90.5 91.7 90.5 91.9 92.4 91.9 91.9
92.4 93.0 93.0 95.3 94.2 94.2 94.2 93.6 94.8 93.6 93.6 95.3 94.8 94.2 95.9 94.8 94.2 95.9 95.3 95.3
95.9 97.7 95.3 96.5 95.3 95.9 97.1 96.5 97.1 97.7 97.1 96.5 91.3 92.4 91.9 93.0 92.4 93.0 93.6 94.2
94.8 93.0 93.6 95.3 94.8 94.2 95.3 93.6 93.6 95.9 94.2 95.3 94.2 94.8 95.3 95.9 95.3 94.8 95.9 95.9
95.9 96.5 98.3 96.5 97.7 96.5 98.3 97.1 91.9 91.9 92.4 91.9 92.4 93.0 93.6 95.3 94.2 93.6 93.6 94.2
94.8 96.5 95.3 93.6 93.6 94.2 97.7 95.9 94.8 95.3 95.9 94.8 95.9 96.5 95.3 95.9 96.5 96.5 97.7 98.8
96.5 98.3 96.5 97.7 93.0 93.6 94.2 93.6 93.0 94.2 93.6 93.6 93.0 93.6 94.2 93.6 93.6 93.0 94.2 93.0
93.0 93.0 94.2 93.0 93.6 93.6 93.0 93.6 93.6 93.0 94.2 94.2 94.2 93.6 93.6 93.0 93.6 93.0 93.0 93.6
94.2 93.6 93.0 94.2 94.2 93.6 94.2 93.6 93.0 94.2 94.2 93.6 93.0 93.0 93.6 93.0 94.2 93.0 93.6 94.0
94.2 93.6 93.0 93.6 93.0 94.2 93.6 93.0 94.2 93.0 94.2 93.6 93.0 93.6 93.0 93.6 93.6 93.6 94.2 93.0
93.0 94.2 93.0 93.6 93.0 94.2 93.0 93.0 93.6 93.0 93.0 93.6 93.6 93.6 93.0 93.0 93.0 94.2 93.6 93.0
93.6 93.0 93.0 93.6 93.0 93.6 93.0 93.6 93.0 94.2 93.6 93.0 94.2 93.0 93.0 94.2 93.0 93.6 94.2 93.0
94.2 93.0 93.6 93.0 93.0 93.6 93.0 93.0 94.2 93.0 94.2 93.6 93.0 93.6 93.0 93.0 93.6 93.6 94.2 93.6
94.2 93.0 93.0 93.6 94.2 93.0 93.6 93.6 93.0 92.6 91.4 90.9 90.9 94.3 94.3 93.7 93.7 93.2 93.8 94.9
94.3 94.3 93.2 94.3 93.7 93.0 94.3 93.0 94.9 93.2 93.8 93.1 93.7 94.3 93.2 93.1 93.7 94.3 93.2 93.1
94.3 93.8 94.9 94.3 93.8 94.9 93.7 93.8 94.9 93.7 94.9 94.3 93.8 94.3 94.3 94.9 93.8 93.1 94.3 94.3
93.8 93.1 94.9 94.3 94.9 94.9 93.7 93.2 94.3 93.1 94.3 93.8 93.2 93.2 93.8 91.7 90.5 94.3 95.4 94.3
93.2 94.7 94.1 94.3 93.7 93.8 94.9 94.1 94.7 93.7 94.9 93.2 94.3 94.1 94.7 94.3 93.1 94.3 93.8 93.0
94.7 94.3 93.7 93.8 93.8 93.5 94.1 93.7 94.9 93.2 94.3 94.7 93.5 94.9 93.1 94.3 94.9 93.5 94.1 94.3
93.7 94.9 93.8 94.1 93.5 93.7 94.9 93.2 93.2 94.7 93.5 94.3 93.7 93.8 94.3 94.1 93.5 94.3 94.9 93.8
94.3 94.1 94.7 93.1 94.9 94.3 93.8 94.7 94.1 94.3 93.7 93.8 94.9 94.1 94.7 93.8 93.2 94.7 93.5 94.3
93.7 93.8 94.3 94.1 94.7 94.9 93.1 93.8 94.9 94.7 94.1 93.1 94.9 94.9 93.8 94.7 93.5 93.7 94.9 94.9
93.8 94.3 93.2 93.1 94.9 94.3 94.3 94.3 94.9 93.5 94.1 94.3 93.1 93.8 93.2 95.5 94.9 94.7 93.5 94.9
93.7 93.8 93.2 93.8 94.9 93.8 94.3 93.8 94.9 93.5 94.1 93.1 94.3 93.8 93.8 93.8 94.9 94.9 94.9 94.9
93.2 93.7 94.9 94.3 93.8 93.2 94.3 94.1 93.5 94.9 94.3 94.3 93.8 94.9 93.8 94.7 94.1 94.3 94.9 94.3
93.2 94.9 94.9 94.7 94.7 94.3 93.7 94.3 93.2 94.9 94.3 93.1 94.3 93.2 93.8 93.2 94.3 93.5 94.1 93.7
93.1 93.8 93.2 93.8 93.8 93.7 94.3 93.8 94.3 93.2 93.8 93.6 90.9 94.6 93.7 93.8 93.8 94.9 94.3 93.4
94.3 93.2 93.8 94.3 94.3 93.4 93.7 93.2 93.2 93.2 94.9 93.7 94.3 94.9 93.2 94.9 93.8 93.0 94.9 93.4
93.7 94.9 93.2 94.9 93.2 94.3 94.9 94.3 94.9 94.0 93.4 94.0 93.4 94.0 93.4 94.6 94.0 94.6 94.0 94.0
93.4 94.6 94.0 94.6 94.0 93.4 94.6 93.4 95.2 94.6 94.0 94.6 93.4 94.6 93.4 94.0 93.4 94.0 93.6 94.6
93.4 93.4 94.6 94.6 94.0 91.1 90.5 94.3 93.8 94.3 93.2 94.6 93.4 93.8 93.2 94.9 93.8 94.0 94.6 94.0
94.6 93.2 94.9 94.9 93.8 93.8 94.9 94.9 93.2 94.3 93.8 93.2 94.9 93.8 94.3 93.2 93.8 94.3 94.3 93.4
94.6 94.0 94.0 93.2 93.8 93.8 94.3 94.0 94.6 94.3 93.8 94.3 93.8 93.4 94.6 94.3 93.2 93.2 94.3 93.8
93.2 94.6 93.4 94.3 94.9 91.2 91.8 93.4 94.0 93.2 94.3 94.3 93.8 94.6 93.4 93.2 94.9 94.3 94.9 94.3
93.8 94.6 94.0 94.9 94.3 94.9 94.3 93.4 94.0 94.9 94.3 94.3 94.9 94.6 94.0 94.0 93.4 94.3 94.9 93.2
94.3 93.4 94.6 94.3 93.8 93.8 93.2 94.9 94.3 93.8 93.2 94.0 94.6 93.8 94.3 93.4 94.0 93.8 94.3 94.0
93.4 93.2 94.3 93.8 94.3 94.0 94.6 93.2 94.3 94.9 94.3 91.4 90.3 92.6 90.3 90.9 90.3 90.9 92.0 93.0
94.2 94.2 93.0 94.2 93.0 93.0 94.8 91.1 91.7 92.9 92.9 93.5 91.1 94.9 93.8 93.8 93.2 93.8 93.2 91.2
92.4 94.4 94.9 93.6 94.2 94.8 93.6 93.6 93.6 94.2 94.2 93.2 94.3 94.9 93.8 94.4 96.1 94.4 93.3 93.8
93.2 94.3 93.2 93.8 93.8 94.4 93.3 94.3 93.8 93.8 94.9 93.8 94.9 94.2 94.8 94.2 94.8 93.6 94.2 94.8
93.6 94.4 93.8 93.2 93.8 93.8 95.5 93.3 94.9 94.9 93.3 94.3 93.8 94.9 95.5 93.8 94.4 93.6 94.8 93.6
94.2 94.2 93.6 94.8 94.2 93.8 93.3 94.4 94.9 93.2 93.8 93.2 96.6 93.3 93.8 94.9 93.8 94.4 93.8 94.3
93.2 95.5 94.9 93.8 95.5 94.8 94.2 94.8 93.6 94.2 94.8 94.8 94.2 94.4 94.9 93.3 94.9 93.2 94.3 93.2
94.9 94.9 96.1 94.2 93.6 93.6 94.8 94.2 94.8 94.2 94.8 93.3 93.8 93.3 94.4 94.3 93.2 93.2 96.0 94.4
95.5 94.8 93.6 94.8 94.2 94.8 93.6 93.0 93.6 93.8 94.9 94.4 93.8 94.3 93.8 94.9 95.5 94.9 94.9 94.9
93.8 94.9 93.8 94.3 93.2 94.9 96.0 96.1 96.6 93.6 93.6 94.8 94.2 93.6 94.2 94.2 93.0 94.9 93.8 94.9
93.3 94.3 93.8 96.0 96.6 93.8 96.1 93.3 94.4 93.8 94.9 93.2 93.8 94.9 96.0 93.8 95.5 93.0 94.2 93.6
93.6 93.0 94.2 93.6 93.6 93.3 94.4 94.9 93.3 94.9 94.3 94.3 95.5 96.1 94.9 93.8 93.3 93.8 93.3 93.3
93.8 94.3 93.8 93.2 94.9 96.1 93.8 93.0 94.2 93.6 93.6 94.8 94.2 93.6 94.8 93.3 94.9 93.8 94.4 94.9
93.8 93.8 94.9 93.8 95.5 96.1 93.8 93.3 93.8 93.8 95.5 93.8 94.4 94.9 93.8 95.5 94.9 94.4 94.9 94.8
94.8 94.2 93.6 95.9 93.6 95.3 95.9 93.3 93.8 93.3 94.4 93.8 94.4 93.2 94.9 96.0 94.9 94.4 96.1 93.3
93.8 93.8 94.4 94.9 93.3 94.9 93.8 94.9 93.2 93.8 93.8 94.2 94.2 94.8 93.6 94.8 94.2 94.2 93.0 93.3
94.4 93.8 94.9 94.9 94.4 93.2 93.8 93.8 94.9 93.8 95.5 93.8 93.3 94.4 94.4 94.9 94.4 94.3 93.8 93.8
96.0 93.3 93.8 94.2 94.2 93.6 93.6 93.0 94.2 94.2 93.6 93.3 93.3 93.8 94.9 94.9 93.3 93.8 94.3 93.8
94.3 95.5 95.5 94.4 94.4 93.3 93.8 93.8 94.9 94.4 93.8 94.9 93.8 96.0 94.3 93.8 96.1 94.8 94.2 94.8
94.8 94.8 94.2 94.8 93.6 93.8 93.3 93.8 94.9 93.8 94.9 94.9 94.4 93.8 94.9 94.9 94.3 94.4 94.9 94.8
94.2 94.2 95.3 94.2 94.2 93.6 94.8 94.4 94.4 94.9 94.4 93.3 94.4 94.9 94.4 94.9 93.2 96.6 93.8 94.4
94.4 94.9 93.3 93.3 94.4 94.4 94.9 94.9 93.8 93.8 94.9 94.2 93.6 94.8 94.2 94.8 94.2 94.2 94.2 93.3
93.8 93.8 94.9 94.4 93.8 94.9 93.8 94.9 93.2 94.9 95.5 93.6 94.8 94.8 93.0 94.8 93.6 93.6 94.8 94.4
93.8 93.3 94.9 93.8 93.3 94.9 93.8 93.2 93.8 94.9 96.0 94.2 94.2 93.0 94.8 94.2 94.8 94.2 93.6 94.9
93.3 93.3 93.8 93.8 93.8 94.4 94.9 94.9 94.3 93.8 95.5 95.5 95.5 93.3 93.3 93.3 95.5 96.1 94.9 94.9
93.8 93.2 93.8 94.2 94.8 94.2 94.8 93.6 93.6 94.2 94.2 96.6 93.8 95.5 93.3 94.9 94.4 96.6 93.3 94.9
94.3 96.0 94.3 94.4 93.8 95.5 93.8 93.3 94.4 96.1 95.5 94.9 94.3 95.5 94.3 91.2 91.8 90.6 91.8 94.9
93.8 93.8 93.3 90.5 92.2 91.1 92.2 91.1 90.5 93.0 91.3 91.3 90.7 93.8 94.4 90.1 90.1 91.9 92.4 95.5
94.4 93.4 95.0 92.7 91.5 92.1 90.9 91.5 91.5 91.5 91.5 91.5 91.5 92.1 90.9 94.4 95.0 93.3 95.6 93.3
92.0 93.1 92.6 90.3 93.0 93.3 93.9 93.3 95.0 95.0 94.4 96.7 92.4 93.6 96.1 93.3 94.9 93.3 95.6 95.0
94.4 94.9 95.5 93.3 94.9 93.3 94.5 93.4 93.4 93.9 96.1 94.4 95.0 95.6 93.8 95.5 94.3 94.4 94.9 93.8
94.4 93.3 95.0 93.9 93.9 94.4 94.4 94.4 95.0 94.0 94.0 93.8 93.3 94.4 94.9 93.8 96.1 95.5 93.3 95.0
94.5 93.3 94.9 93.8 95.5 93.3 93.8 95.0 93.4 95.0 93.9 95.6 93.3 93.3 93.3 96.1 96.0 94.3 94.4 93.3
95.0 94.4 93.3 96.1 93.9 93.9 94.0 94.5 93.8 94.4 93.9 93.8 94.9 96.6 93.8 95.6 95.0 96.6 93.3 93.8
94.9 95.5 93.3 94.5 93.4 93.9 95.6 93.3 93.9 95.6 96.1 93.3 95.5 93.8 96.1 96.1 93.3 93.3 94.4 94.4
95.6 94.4 93.4 96.2 93.8 93.8 94.9 96.1 93.3 94.4 93.9 96.1 94.4 94.4 93.3 94.9 93.8 95.5 95.6 93.4
96.1 93.4 96.1 93.9 93.3 95.0 96.1 95.5 94.9 95.6 93.9 94.4 96.7 93.3 95.0 95.6 96.1 94.0 94.5 94.4
95.5 95.5 93.8 96.1 95.5 95.5 96.1 94.5 93.9 96.6 94.9 94.9 96.6 96.1 93.8 94.4 95.5 95.0 93.4 94.5
95.6 95.6 94.4 95.6 94.4 95.0 93.2 93.8 96.1 94.4 96.1 93.3 94.4 93.3 93.9 96.1 94.0 95.1 94.4 95.5
93.8 93.8 95.5 93.3 93.4 95.6 94.4 96.1 94.9 93.3 96.1 95.5 93.3 93.3 94.5 93.4 93.4 96.1 94.4 95.6
93.9 95.0 94.4 96.0 93.2 93.3 93.3 93.3 93.9 94.4 94.4 95.6 94.4 94.5 94.5 94.9 95.5 93.3 94.9 93.8
93.3 95.0 93.9 93.3 93.8 93.8 93.3 93.8 96.1 93.3 96.1 94.5 96.1 94.5 95.6 95.0 95.6 93.9 95.6 96.1
93.3 96.6 94.3 93.3 95.0 95.0 96.1 93.9 95.0 95.0 94.4 94.0 93.4 96.6 96.1 95.5 94.4 95.5 93.3 93.9
93.4 94.4 93.8 93.3 93.8 93.3 96.1 94.9 93.8 93.4 95.6 93.4 93.4 93.9 96.1 94.4 95.0 93.3 96.1 93.2
95.5 95.6 93.9 95.0 93.3 96.1 93.9 94.4 95.0 95.1 95.1 93.8 96.1 93.3 93.8 93.3 93.8 93.9 94.5 94.9
94.9 95.5 93.8 93.3 94.4 93.8 93.3 94.5 95.0 93.4 95.6 94.4 96.1 96.1 93.3 95.0 93.9 93.8 94.9 96.1
95.0 93.3 96.1 95.6 94.4 94.4 93.3 96.2 94.0 96.6 93.3 94.4 95.5 96.1 94.4 93.9 96.1 94.9 95.5 95.5
93.8 95.5 93.8 93.3 95.5 95.0 93.4 95.6 94.3 93.3 95.0 95.0 94.4 96.1 95.0 94.9 94.3 93.3 94.4 95.0
95.6 93.3 94.4 93.9 95.0 93.4 96.2 93.8 94.4 96.6 96.1 93.8 93.3 94.5 95.0 93.8 93.8 96.6 94.9 95.5
95.5 94.9 94.4 94.5 93.4 95.0 95.6 93.9 95.0 94.4 93.3 94.4 93.9 94.9 93.2 95.6 95.0 93.3 93.3 95.0
95.6 93.9 94.4 95.1 95.6 95.5 93.3 95.5 94.4 94.4 94.4 94.5 95.0 93.8 96.6 94.4 96.6 95.5 93.8 93.8
93.3 95.0 93.9 94.5 93.4 95.6 93.3 94.4 93.9 93.9 95.6 94.9 93.8 94.4 94.4 93.3 93.3 93.3 95.0 94.4
95.0 94.5 96.2 94.4 94.9 94.4 93.8 94.9 93.8 95.6 95.0 96.1 93.3 94.4 93.8 95.5 96.1 94.4 93.3 93.4
95.0 93.4 94.5 94.4 96.1 93.9 93.3 96.1 95.0 94.3 93.2 94.4 96.1 93.9 95.0 96.1 93.9 96.1 95.6 95.6
96.2 93.8 94.9 93.3 93.8 93.3 96.1 93.4 96.1 95.5 94.9 94.4 93.3 95.5 95.5 95.5 93.3 96.1 93.4 95.6
96.7 93.9 93.9 95.6 95.0 93.3 96.1 93.2 94.9 96.7 94.4 96.1 93.3 95.6 95.0 93.9 95.0 94.5 96.2 93.8
94.9 94.4 93.8 95.5 93.3 96.1 93.9 94.4 95.5 94.9 95.5 93.3 94.4 93.3 93.3 93.4 95.0 94.5 95.0 93.9
93.9 93.9 96.1 93.9 93.3 94.9 93.2 93.3 93.3 93.9 95.6 96.1 96.1 95.6 93.9 94.0 95.1 96.1 93.3 96.1
94.9 93.8 94.4 95.6 93.4 93.8 95.5 93.3 94.9 94.4 94.4 94.5 95.0 95.0 93.4 93.3 96.1 95.0 95.6 94.4
95.0 93.8 94.9 96.1 94.4 93.3 95.6 95.6 93.3 93.9 95.6 94.0 96.2 93.3 95.5 96.1 94.9 93.8 95.5 96.1
94.5 93.3 93.8 95.5 94.4 94.4 93.8 93.3 94.4 95.0 93.4 93.4 96.7 96.1 95.6 96.1 95.6 95.0 95.6 93.2
94.9 93.3 93.9 94.4 96.1 95.0 93.9 94.4 96.1 93.4 94.5 93.3 93.8 93.8 93.3 96.1 93.8 95.6 93.9 94.4
94.4 94.4 93.3 93.3 96.1 93.8 93.8 95.0 93.9 96.1 93.4 94.4 94.4 96.1 95.0 95.6 93.9 95.5 93.8 94.4
94.4 93.9 93.9 96.1 95.0 94.4 95.0 94.0 95.1 95.5 94.9 96.6 95.5 93.8 95.5 93.4 94.5 93.8 95.5 93.8
95.5 95.5 94.9 93.3 93.3 95.6 93.9 93.4 95.6 95.6 94.4 93.9 95.0 94.4 94.4 95.5 94.9 93.9 96.1 95.6
95.0 93.9 95.6 95.6 93.9 96.2 95.1 95.5 96.1 95.0 96.1 96.1 96.7 95.6 94.5 96.1 94.5 95.1 95.6 93.4
95.6 94.9 96.0 93.8 96.6 93.3 94.9 95.5 93.3 96.6 93.3 95.0 96.1 93.4 95.6 93.8 94.4 93.8 93.8 93.9
93.4 95.0 93.9 95.6 96.1 93.9 96.1 93.8 96.6 95.0 95.6 93.3 95.6 94.4 95.0 95.0 94.4 96.2 95.6 94.4
95.5 94.4 94.4 93.9 94.5 96.6 93.8 94.3 96.0 94.4 93.3 93.4 93.9 95.6 94.0 93.3 94.9 93.9 95.0 94.5
95.6 93.8 93.3 95.5 94.9 94.4 96.1 93.4 95.0 96.1 94.5 94.5 95.6 93.9 96.1 93.8 93.2 94.4 96.6 95.5
93.3 96.1 95.5 95.6 94.4 96.1 95.6 96.1 93.9 96.1 95.0 93.4 94.5 94.5 94.5 93.9 93.4 95.6 95.6 95.0
93.9 94.5 95.6 93.3 96.6 94.4 94.4 95.6 93.9 93.8 96.1 93.3 94.9 95.5 94.9 94.0 95.6 95.6 95.6 96.1
93.8 96.0 96.0 94.9 96.1 95.6 96.1 93.8 93.8 93.4 96.1 93.4 95.0 93.4 93.9 95.0 93.9 93.8 95.5 94.5
96.1 95.6 94.4 96.1 95.6 96.1 95.6 96.1 95.6 94.5 93.4 96.1 93.4 93.3 94.9 93.8 95.5 93.4 95.0 93.3
93.3 93.8 93.4 96.6 93.8 95.0 93.4 95.6 93.9 93.4 95.0 94.0 96.2 95.0 93.9 95.6 94.5 95.5 95.5 96.1
96.1 93.3 96.1 93.8 95.5 96.6 95.5 94.5 95.0 93.4 95.6 96.1 94.5 95.0 93.4 93.9 96.1 93.8 95.5 93.8
96.1 93.9 93.3 95.6 95.6 96.1 95.0 93.9 95.0 95.1 93.4 93.9 96.1 93.3 93.8 96.1 95.6 94.5 93.9 93.3
93.8 95.0 93.4 93.4 95.1 94.3 94.3 93.3 93.3 95.5 93.3 96.1 95.5 96.6 96.1 95.0 93.4 93.3 96.1 95.5
94.4 93.9 93.9 95.6 95.0 96.7 96.1 95.6 96.7 96.0 94.9 93.9 95.6 95.6 94.4 95.6 94.4 96.1 95.6 93.4
94.0 94.9 93.8 94.5 93.4 93.8 94.9 93.8 93.3 94.5 93.9 96.1 93.9 93.9 94.5 94.5 93.4 96.2 93.4 93.3
94.9 95.0 93.9 94.5 94.5 94.5 95.0 95.0 93.9 93.8 95.5 96.1 95.0 93.9 95.6 93.4 96.1 95.6 96.1 93.4
96.1 93.8 93.3 93.3 94.4 95.1 95.6 95.0 93.4 93.4 94.5 93.4 93.4 93.4 93.4 94.0 95.1 95.1 92.9 94.5
93.4 94.9 94.9 93.4 94.0 94.4 96.1 96.1 93.3 94.9 93.3 96.1 93.3 96.2 96.2 95.6 93.9 96.1 94.4 95.0
93.4 93.4 95.0 94.5 94.0 96.1 93.8 93.4 95.0 94.5 93.4 94.5 93.9 93.9 93.9 95.0 96.1 93.4 95.0 95.1
94.5 94.5 95.1 94.0 96.2 96.2 95.6 96.2 93.4 94.5 95.6 93.9 94.5 95.1 94.5 96.6 93.8 95.5 95.5 93.4
93.9 94.4 93.3 93.3 96.1 94.9 95.5 93.4 95.6 93.3 95.5 93.9 96.1 94.5 95.6 96.1 95.0 93.4 95.0 94.0
96.2 93.8 93.8 94.5 93.9 95.0 96.1 95.6 94.5 95.0 94.5 93.3 95.5 94.9 94.4 93.9 95.6 93.9 96.1 96.1
95.0 94.0 94.0 95.5 93.3 94.0 93.4 94.0 93.4 95.6 94.5 93.4 94.5 95.6 96.1 95.6 95.0 93.4 95.6 96.2
96.2 96.1 93.3 93.8 95.5 95.5 94.4 95.1 93.4 93.9 94.5 95.0 93.4 93.4 95.0 94.5 96.2 93.8 94.4 96.1
93.9 94.5 96.1 94.9 93.8 93.8 94.9 93.9 94.5 94.9 93.3 93.9 94.5 95.6 95.0 95.0 96.1 94.5 94.5 93.4
96.7 94.5 93.4 93.9 94.5 93.9 95.0 95.0 94.5 96.2 94.0 96.2 93.4 95.6 95.1 94.0 95.1 94.5 94.0 93.9
93.9 94.5 94.5 94.5 93.4 94.9 95.5 95.0 96.1 96.7 96.2 95.0 93.9 93.4 94.5 93.9 95.6 94.4 93.3 94.4
93.3 95.0 93.9 96.1 95.5 93.4 95.6 93.3 93.8 93.9 95.0 95.0 93.4 96.1 94.4 95.6 95.6 93.4 95.6 95.0
96.1 93.9 95.0 94.4 95.5 96.1 94.4 96.7 93.9 93.4 96.7 95.0 94.5 96.2 93.4 93.9 94.5 95.6 93.4 93.4
93.4 95.1 95.6 95.6 95.6 95.1 95.1 94.5 95.6 95.6 93.9 95.6 96.2 96.1 95.0 96.1 94.9 94.4 94.4 94.9
95.5 95.6 93.4 93.4 93.9 93.9 94.5 93.4 96.2 95.1 95.6 96.1 95.6 94.5 94.0 93.9 93.4 95.5 94.4 93.9
93.4 94.5 96.1 95.0 94.5 95.0 93.9 95.0 95.6 95.6 93.4 94.0 93.4 96.2 96.2 96.7 94.0 93.4 93.4 96.2
94.5 94.4 94.9 95.5 96.6 96.7 96.7 93.4 93.4 95.5 95.5 95.6 93.9 94.5 96.7 93.9 95.6 96.1 95.0 95.6
95.0 94.5 95.0 93.3 94.4 95.5 93.8 95.5 93.8 95.0 95.0 93.9 93.9 95.6 93.4 96.1 94.9 93.9 93.4 93.3
95.0 94.0 96.2 94.5 96.2 96.2 95.1 96.1 96.1 93.9 94.5 96.1 95.5 96.1 94.5 96.7 95.0 93.9 94.5 93.9
95.0 95.0 95.0 93.9 96.1 96.1 95.5 96.1 93.8 95.6 93.9 93.4 94.0 93.4 93.4 96.2 93.4 95.6 96.2 94.5
95.6 94.5 93.9 95.1 94.0 96.2 96.2 94.4 96.7 93.9 96.1 94.4 94.4 94.4 95.5 94.5 94.5 93.8 95.5 93.8
93.8 94.4 95.0 96.7 95.6 93.4 95.6 96.1 93.4 96.7 93.6 95.1 95.6 94.5 95.6 93.9 94.5 93.3 96.1 96.1
96.1 95.6 96.1 95.0 93.9 93.4 93.4 95.6 96.1 94.5 95.0 95.1 95.1 95.6 95.1 95.6 95.1 94.0 93.4 95.6
94.0 93.9 95.6 94.5 93.9 93.8 96.1 93.3 94.4 94.0 94.0 94.0 94.5 95.5 94.9 95.6 95.0 96.7 96.7 95.0
96.1 94.4 93.3 95.5 95.5 95.5 94.9 96.1 95.6 93.4 95.6 95.0 95.6 95.0 96.1 96.1 93.4 95.1 94.0 96.1
96.1 94.4 96.1 96.1 93.4 96.1 93.4 93.9 95.6 95.0 95.0 93.9 94.5 94.5 96.2 94.0 95.1 93.3 93.3 95.0
95.0 93.4 93.9 95.5 93.3 94.4 93.8 94.5 94.5 95.0 93.4 93.9 93.9 94.5 94.5 94.5 94.5 96.2 96.2 96.1
95.6 95.1 96.2 96.2 95.6 95.6 94.0 93.4 93.4 96.2 96.2 95.6 94.5 94.4 93.9 95.0 96.1 95.6 95.1 93.8
94.9 95.0 95.0 96.1 93.3 94.5 93.4 94.4 96.1 94.9 94.4 94.0 94.0 95.1 93.4 94.4 94.4 96.1 95.5 95.6
93.4 93.9 94.5 95.5 93.6 95.0 94.0 95.0 96.1 93.4 95.0 95.6 93.9 96.1 96.1 94.5 93.4 96.1 95.6 94.5
93.4 95.1 94.5 93.4 93.9 95.6 93.9 95.1 94.5 96.2 96.2 95.1 96.2 96.2 95.6 93.9 94.5 95.1 93.4 96.2
95.6 94.4 93.3 96.1 93.3 95.0 93.9 94.4 96.1 95.6 93.9 96.1 96.1 96.1 93.8 94.4 93.8 95.6 93.4 95.6
95.0 95.0 93.9 95.6 93.9 96.2 94.5 94.5 95.1 94.0 96.2 93.4 95.1 94.0 94.0 95.1 96.2 94.9 94.9 95.5
94.9 95.3 95.8 94.4 93.9 94.5 94.5 93.4 94.5 95.5 93.8 94.4 94.4 94.5 95.0 95.0 93.9 96.1 94.5 95.6
93.4 95.6 94.5 94.5 93.4 95.6 96.2 95.1 96.2 93.4 93.4 93.8 95.5 94.9 93.8 93.4 93.9 93.4 94.5 95.6
95.0 96.1 94.5 95.6 93.9 96.1 95.6 93.3 94.9 94.9 94.9 96.1 95.0 94.5 95.6 94.5 93.9 93.4 96.1 96.1
93.9 95.0 93.4 94.5 95.6 95.5 96.1 96.6 94.4 96.2 96.2 95.1 94.0 93.4 94.5 95.6 95.1 94.0 96.7 95.1
96.2 94.5 95.8 94.4 95.0 96.6 94.9 94.9 94.4 96.1 93.9 95.0 95.6 95.5 94.9 95.5 95.5 95.0 95.6 94.5
93.4 93.4 95.6 96.2 94.0 93.4 96.2 95.1 96.2 94.5 95.1 93.4 93.9 93.9 94.5 95.6 95.6 94.5 93.4 93.9
96.1 95.6 94.4 96.2 95.1 94.5 95.1 93.4 94.5 94.0 96.2 96.2 94.0 95.1 94.0 93.8 93.3 94.9 96.1 94.5
93.4 94.5 93.4 93.3 95.6 95.6 94.4 95.0 95.6 94.9 93.3 96.1 95.5 95.6 95.6 93.9 93.9 93.4 96.1 93.9
94.5 93.4 95.6 95.0 93.4 93.4 94.5 93.4 95.6 96.1 93.3 93.8 95.5 95.6 94.0 96.2 95.1 94.0 94.0 94.5
94.0 94.5 94.0 95.6 94.0 95.5 96.1 93.8 93.3 94.5 94.5 93.4 95.6 95.0 94.5 93.9 95.6 93.9 95.6 95.6
93.4 94.0 95.6 96.2 94.5 93.4 94.5 94.0 94.0 94.0 93.4 93.9 95.0 94.4 96.1 95.5 96.1 95.0 95.0 95.0
93.9 94.4 93.9 96.1 93.3 94.4 94.4 95.6 93.9 96.7 93.9 93.4 93.4 93.4 93.9 95.0 95.6 93.9 96.1 93.8
96.1 93.8 93.8 96.1 94.5 93.9 96.1 95.6 93.4 94.5 93.4 94.0 96.2 94.5 95.6 93.4 94.0 96.2 94.5 96.2
95.1 95.0 95.6 93.3 96.1 94.4 93.8 93.3 95.6 93.9 93.3 95.6 95.0 95.6 96.1 93.4 93.4 96.1 94.5 94.4
93.9 95.0 93.3 96.1 93.8 93.8 94.4 93.3 94.4 96.1 93.8 94.5 93.4 96.2 96.2 95.1 94.0 93.4 95.6 94.0
94.5 96.2 95.6 95.0 93.4 95.6 95.0 93.3 94.4 96.1 93.8 93.4 96.1 94.5 96.1 95.0 93.9 95.5 94.4 96.1
96.1 94.5 95.1 95.6 94.0 96.1 93.9 94.4 96.1 94.5 93.4 95.1 95.6 93.4 95.1 93.4 96.2 96.2 94.0 96.2
95.6 96.2 96.2 96.1 94.4 93.8 93.3 93.3 96.1 94.4 95.5 94.5 95.0 96.1 93.4 94.5 93.9 93.4 95.6 93.9
95.0 93.9 94.4 93.4 93.9 95.6 94.5 95.0 93.4 95.5 93.8 94.9 93.8 94.5 95.6 95.0 94.5 94.4 96.1 93.8
93.8 95.0 94.5 96.1 95.6 93.4 96.1 94.5 94.5 95.6 95.6 93.9 93.9 95.6 93.3 94.4 93.3 94.9 94.9 94.9
93.3 95.0 93.4 93.3 93.8 93.3 96.1 94.4 94.4 93.3 96.1 95.6 93.4 93.4 96.1 95.0 94.5 96.7 93.4 94.5
93.4 93.4 94.0 95.0 93.9 95.6 93.9 96.1 94.5 93.4 95.6 96.1 94.4 96.6 94.9 93.4 95.0 95.6 95.6 96.1
95.0 95.1 96.7 94.0 94.0 94.9 96.6 94.4 94.4 93.3 96.7 94.4 95.6 93.4 94.5 96.1 94.5 95.5 93.9 93.3
93.9 94.4 93.3 93.3 94.4 96.7 94.4 93.9 95.6 94.4 95.6 93.9 94.5 94.0 95.1 94.5 94.0 95.6 96.1 94.4
93.3 95.5 94.4 95.0 94.4 94.4 93.3 96.1 94.4 94.5 93.9 95.6 94.4 93.4 96.2 94.0 96.2 95.6 96.1 93.3
93.3 93.3 94.4 95.0 93.3 93.9 95.6 93.9 94.4 93.3 95.0 96.1 93.3 95.6 93.9 96.7 93.9 93.9 95.0 95.0
93.9 93.9 94.4 96.7 95.6 93.3 93.9 94.4 93.9 93.3 94.4 94.5 94.5 94.0 96.2 93.4 94.5 95.6 94.4 95.0
96.7 94.4 94.4 95.0 96.1 93.9 96.1 93.9 95.5 96.1 93.9 95.0 96.1 94.4 95.0 95.0 96.1 93.3 95.0 93.3
96.1 93.3 95.0 94.4 95.6 95.0 94.4 94.0 95.6 95.6 95.1 95.0 95.0 93.9 95.5 94.5 93.4 93.3 93.3 96.7
94.4 95.6 94.4 93.9 95.0 93.9 95.6 95.6 94.4 95.6 93.4 93.4 94.5 96.1 93.3 95.6 95.0 93.3 95.5 93.3
96.1 96.6 93.3 93.3 93.9 95.0 96.1 93.9 95.6 93.4 94.5 94.5 95.1 93.4 95.6 95.5 93.3 93.3 93.9 93.9
93.3 93.3 96.1 96.1 93.3 95.6 93.3 94.4 95.0 95.6 95.0 93.3 93.3 95.5 93.9 95.6 93.3 93.9 95.6 94.4
93.3 95.6 94.4 95.0 95.6 93.9 93.3 94.5 93.9 96.2 94.5 95.6 93.4 96.1 93.9 94.4 95.0 93.3 94.4 93.9
95.5 94.4 93.3 93.9 95.0 93.9 95.6 96.1 96.7 93.3 94.4 93.3 96.1 94.4 96.1 93.3 94.4 94.4 95.6 94.4
93.3 96.1 94.5 93.3 95.6 95.0 94.4 95.0 93.3 95.0 93.9 94.4 95.0 94.4 93.9 96.1 94.4 93.9 95.5 96.2
93.4 94.5 94.0 94.4 94.4 95.6 95.0 93.9 93.3 95.5 96.6 94.4 93.9 93.3 96.1 93.9 93.3 95.6 96.1 94.4
93.9 95.0 96.1 94.4 95.6 95.0 93.9 95.0 93.9 95.0 93.3 94.4 95.6 96.1 95.0 96.1 95.0 95.6 93.3 94.4
95.0 93.3 93.3 95.0 93.4 93.3 95.0 95.0 95.0 93.4 96.2 94.0 94.0 95.6 93.3 93.9 95.6 94.4 94.4 95.5
93.3 95.0 95.0 93.9 93.9 96.1 94.4 96.1 93.9 94.4 94.4 96.1 93.9 96.7 93.3 93.9 94.4 94.4 95.6 93.9
93.3 95.5 93.9 93.9 94.4 93.3 94.4 95.0 96.1 93.3 94.4 96.7 94.4 96.1 95.6 94.4 96.1 93.3 95.6 95.6
93.9 94.5 96.1 95.6 94.0 94.5 94.0 93.3 93.9 93.9 96.1 95.0 95.5 93.9 94.4 93.9 93.3 95.5 95.0 95.6
95.6 93.9 93.9 93.3 93.3 96.1 95.0 95.6 96.1 96.1 95.0 93.0 91.8 94.4 96.1 93.3 93.3 95.6 94.4 95.0
95.6 90.3 91.4 92.0 92.6 91.4 93.1 91.4 90.3 91.4 90.3 94.5 94.5 96.2 94.0 93.4 93.4 93.7 96.0 93.3
96.1 94.4 96.1 95.6 95.1 94.0 93.4 94.4 96.4 95.6 93.9 96.1 93.9 94.4 94.4 95.4 96.6 93.9 95.5 93.9
93.9 96.1 95.0 95.6 93.9 94.4 95.0 96.1 93.9 95.0 94.4 94.5 96.2 95.1 93.4 94.9 95.4 93.9 94.4 9.5
95.5 94.4 96.1 93.9 95.6 93.3 94.4 93.3 93.3 94.4 93.4 94.5 94.0 95.0 93.9 93.4 94.5 94.0 96.2 95.6
95.0 93.9 95.6 95.0 94.4 93.3 95.6 93.7 96.6 93.9 93.3 95.0 93.9 96.2 95.1 94.5 95.6 94.4 93.3 95.0
94.4 93.9 93.3 96.1 95.0 96.6 96.0 94.4 93.3 93.3 95.0 95.6 93.4 94.9 96.0 93.9 95.0 94.4 95.0 94.4
93.3 95.6 95.1 93.4 95.1 95.6 96.1 95.6 93.3 94.4 95.0 94.4 94.4 96.0 96.0 94.5 93.4 95.1 95.6 95.5
95.5 96.1 94.4 93.3 95.0 95.0 96.1 96.1 93.3 94.4 96.1 94.3 93.1 95.0 94.4 93.3 93.9 95.6 93.4 95.1
95.6 94.5 93.4 95.0 93.3 93.9 94.4 96.1 95.0 95.6 93.3 95.4 94.9 94.4 95.5 96.1 95.0 93.3 96.6 94.4
94.4 96.7 93.3 95.0 94.4 93.3 93.3 94.0 96.7 93.4 94.0 94.3 94.3 93.3 94.4 95.0 93.9 96.1 94.5 93.9
93.9 95.6 96.1 95.0 93.3 95.6 94.4 94.0 94.0 96.2 95.1 95.4 94.9 95.5 95.0 93.9 95.5 94.4 95.5 95.0
93.9 95.6 95.0 95.0 93.3 94.4 93.3 96.2 93.4 96.2 94.5 93.3 96.1 95.0 96.1 95.6 93.3 94.4 93.9 95.0
94.5 95.1 95.6 94.0 96.0 96.6 95.0 96.6 93.9 95.0 94.5 96.7 93.4 95.6 95.5 94.4 94.3 95.4 93.9 96.1
93.9 95.0 95.6 96.1 95.6 94.4 96.1 95.0 95.0 96.1 93.9 94.4 95.1 93.2 93.4 96.2 95.5 93.3 95.5 95.0
95.5 93.9 93.3 95.0 94.0 95.6 94.5 95.6 96.1 96.1 95.6 95.0 94.4 93.3 96.1 96.1 95.5 96.1 94.4 93.9
95.0 93.9 94.4 93.9 94.0 93.4 95.6 95.1 95.5 93.9 95.5 95.0 94.0 94.5 93.4 96.2 94.4 93.3 93.9 96.1
93.9 95.6 93.3 95.6 95.0 96.7 95.6 93.9 93.3 93.9 94.4 96.6 94.0 95.6 95.6 94.0 95.6 93.4 94.0 95.0
95.0 94.4 93.9 94.4 95.0 95.1 94.0 94.0 96.2 93.9 95.0 94.4 93.3 96.1 94.4 93.3 96.1 93.3 95.6 96.1
95.0 95.0 93.9 96.1 94.4 93.9 96.7 96.2 95.1 93.4 94.0 93.9 94.4 95.5 96.1 95.1 95.1 94.5 95.6 93.9
94.4 93.3 93.9 95.0 96.7 94.4 93.9 93.9 95.6 93.9 95.0 93.3 96.6 93.3 96.6 94.4 93.3 93.9 95.0 93.4
96.2 94.5 95.6 93.3 95.0 93.3 94.4 93.9 96.1 96.6 93.3 93.4 95.1 95.1 96.7 96.1 96.7 93.3 94.4 95.0
93.9 93.9 95.6 94.4 95.5 96.1 93.0 93.9 95.5 94.4 96.1 95.6 94.5 93.4 93.4 95.0 93.9 93.9 93.9 95.5
93.3 93.3 93.3 96.1 96.7 96.1 94.4 95.6 94.4 94.4 95.5 95.5 94.4 93.3 95.6 96.2 96.2 93.4 93.4 94.0
95.6 95.0 94.4 93.9 96.1 95.5 94.4 95.0 96.1 93.3 95.0 95.0 93.9 96.1 93.9 96.6 94.4 93.9 94.4 93.9
93.3 94.5 96.7 93.4 95.6 94.0 96.2 95.5 94.4 94.4 95.0 95.0 93.3 93.9 93.3 93.9 95.0 95.0 93.9 93.9
95.0 94.4 93.9 93.3 94.4 94.4 95.6 94.0 94.5 96.2 94.0 95.1 95.6 96.6 93.9 93.9 93.3 93.3 94.4 96.1
94.4 95.6 93.9 95.6 95.0 95.0 96.1 94.4 95.5 95.0 94.4 94.4 95.0 95.1 94.0 96.2 93.4 94.5 93.4 93.9
95.5 94.4 95.5 94.4 95.5 93.9 96.1 95.0 93.9 94.4 96.1 95.0 94.4 94.4 93.9 95.0 95.0 96.2 95.1 95.6
95.6 94.5 96.2 96.1 95.0 93.3 94.4 95.0 95.0 93.3 93.9 93.9 94.4 96.1 96.1 93.3 94.4 96.1 95.6 96.2
96.2 95.6 94.5 94.0 94.5 95.0 96.1 93.9 95.5 93.9 93.9 96.7 95.6 93.9 95.0 94.4 95.0 95.5 93.3 93.9
93.3 95.1 96.7 93.4 96.2 96.2 93.4 95.5 93.9 95.0 93.3 94.4 96.7 93.3 93.9 96.1 93.3 93.3 96.7 93.3
93.9 96.1 95.0 94.5 93.4 95.1 96.2 95.6 95.6 95.5 96.6 94.4 95.5 96.1 93.3 94.4 95.6 95.6 95.6 94.4
94.4 95.0 93.9 93.3 95.6 95.6 94.5 94.5 93.4 93.4 94.0 93.9 9.4 95.5 96.1 93.3 95.0 96.1 95.6 95.0
93.9 94.4 95.0 93.3 94.4 96.1 96.1 95.6 94.0 94.5 95.1 93.4 95.1 93.3 95.0 93.9 94.4 93.3 96.1 93.3
94.4 93.3 95.0 95.0 96.7 93.9 94.4 93.3 95.6 93.3 94.4 95.1 93.4 95.6 94.0 96.7 96.2 95.0 95.0 93.3
95.5 93.3 93.3 96.1 93.9 93.9 94.4 93.9 94.4 95.5 93.9 93.3 93.9 95.0 94.4 93.4 94.5 94.0 94.0 94.5
93.4 95.0 95.5 93.3 95.0 93.9 95.0 95.6 93.3 95.0 94.4 95.0 95.0 95.0 96.1 96.1 93.9 95.0 95.6 94.0
95.6 94.0 93.4 95.6 93.4 94.4 96.1 93.3 95.5 93.3 94.4 95.6 95.0 93.9 93.3 96.7 93.9 95.0 93.9 93.9
94.4 95.6 93.9 93.4 94.0 93.4 94.0 95.1 95.6 93.9 96.6 94.4 95.5 96.7 94.4 96.1 95.0 95.0 95.6 94.4
93.3 94.4 96.1 95.0 95.6 95.0 95.6 96.2 93.4 95.1 96.2 95.1 94.5 94.4 96.1 96.1 95.6 94.4 93.3 93.3
96.1 96.1 94.4 96.1 96.1 96.7 95.0 93.3 95.0 94.5 94.0 93.4 96.2 95.6 94.5 95.5 93.9 93.3 95.0 93.9
93.9 93.9 95.0 93.9 95.0 93.9 93.3 94.4 93.3 95.0 96.7 96.2 94.0 93.4 93.4 94.0 96.2 93.3 95.5 95.5
93.3 94.4 95.6 95.6 96.1 95.0 96.1 93.9 93.3 93.3 96.1 94.4 95.6 93.4 94.0 96.2 94.5 95.6 95.1 96.1
95.5 93.9 95.0 93.3 95.0 93.9 93.3 93.3 95.0 96.1 94.4 94.4 93.2 93.8 94.4 96.2 95.6 95.1 94.5 94.5
96.7 94.0 94.0 93.9 96.1 96.0 94.4 93.8 96.6 95.1 96.2 93.4 95.1 96.2 94.5 94.5 93.4 95.0 93.3 93.3
93.9 94.4 94.4 95.5 94.9 94.0 95.6 94.0 94.5 95.1 94.0 94.5 96.2 93.9 94.4 93.9 93.9 93.8 94.9 93.2
93.8 95.1 93.4 94.0 94.0 95.1 94.0 95.6 94.0 94.4 96.1 95.6 93.3 94.9 94.9 96.6 96.0 95.6 96.2 93.4
93.4 94.5 96.2 95.1 95.1 93.3 96.6 94.4 93.3 94.4 95.5 95.5 94.4 93.2 94.4 95.1 94.5 94.0 93.4 94.5
95.1 96.2 96.2 95.5 94.4 93.9 96.7 93.8 95.5 96.6 94.9 96.0 93.8 93.4 95.6 93.4 96.2 95.6 94.0 94.0
93.4 95.5 95.0 95.6 95.6 90.6 93.6 96.1 96.1 94.4 94.4 96.6 93.8 93.2 93.8 93.4 95.6 96.2 95.6 93.4
96.2 96.7 94.5 96.6 96.1 95.6 94.4 95.6 95.6 96.0 94.9 93.2 96.0 94.9 93.2 94.5 94.0 93.4 96.2 96.7
95.1 95.6 94.0 95.0 93.9 93.3 93.3 96.1 95.0 94.9 94.4 96.0 94.9 94.9 94.4 94.5 95.6 95.1 93.4 93.4
95.1 93.4 93.4 94.4 95.5 96.1 95.0 95.6 95.0 96.0 94.4 94.9 95.5 96.0 94.9 93.4 94.5 94.0 95.6 96.2
95.6 95.6 96.2 94.4 96.1 95.0 96.1 95.0 95.0 96.0 93.2 94.9 95.5 93.2 93.8 94.0 93.4 96.2 95.1 95.6
94.0 93.4 94.0 96.1 95.0 94.4 95.6 96.1 94.4 94.9 94.4 96.0 93.8 94.9 94.4 94.5 96.2 93.4 96.2 94.5
94.5 96.2 94.5 93.3 95.0 95.6 93.3 95.0 93.9 95.5 93.8 96.0 94.9 94.9 93.2 94.0 94.5 96.2 95.1 94.0
96.2 96.2 94.0 93.3 94.4 95.6 96.1 93.9 93.3 93.2 94.9 93.2 94.4 94.9 96.0 95.6 95.1 94.0 95.1 95.6
94.0 95.6 93.4 93.9 96.1 94.4 95.0 96.7 95.6 94.9 93.2 93.2 93.8 96.6 94.9 94.5 94.0 94.0 95.1 95.6
94.5 95.1 95.6 94.4 93.3 96.7 96.1 95.6 93.9 93.2 93.8 93.8 94.9 93.2 93.8 94.0 93.4 93.4 95.1 95.1
94.0 95.6 94.0 93.3 95.0 96.1 95.0 93.9 95.6 94.9 96.0 96.0 93.8 93.8 94.4 95.6 95.6 95.6 94.0 95.1
94.0 95.6 96.2 96.1 95.0 93.8 96.0 93.8 94.9 94.9 94.4 94.5 94.0 96.2 95.1 95.1 93.4 96.2 93.4 94.4
93.3 93.8 94.4 93.8 93.2 96.0 94.4 94.4 93.9 96.1 93.9 96.1 95.5 93.3 95.0 96.1 96.1 93.3 94.4 95.5
93.9
